[map1.jpg]
filters=sat=1,0.461988;finetune2=1,0.000000,0.000000,0.218947,00000000,0.000000;
moddate=843167b4ccfcd101
width=1000
height=600
textactive=0
