[menu.jpg]
filters=finetune2=1,0.432749,0.000000,0.000000,00000000,0.000000;finetune2=1,0.000000,0.000000,0.227368,00000000,0.000000;
moddate=54580534970ad201
width=1000
height=650
textactive=0
